88 68 2
45 14 1
86 7 3
31 54 1
2 73 1
27 87 2
33 64 2
87 21 3
95 88 2
0 71 1
34 21 1
56 69 2
100 45 3
51 5 1
77 70 2
61 49 2
92 87 2
95 78 2
96 0 3
73 40 3
4 48 1
34 52 1
85 3 3
51 89 2
82 40 3
74 7 3
28 71 2
1 29 1
47 24 1
87 78 2
47 99 2
83 83 2
68 44 3
32 83 2
5 76 1
38 58 2
54 78 2
46 24 1
72 14 3
57 80 2
17 57 1
46 1 1
99 32 3
58 86 2
19 55 1
4 87 2
67 40 3
76 24 3
92 14 3
45 66 2
7 59 1
72 76 2
6 14 1
20 92 2
30 70 2
26 34 1
46 20 1
16 40 1
94 5 3
33 37 1
27 24 1
80 51 3
77 6 3
31 38 1
88 21 3
11 19 1
98 16 3
100 45 3
61 12 3
59 1 3
89 34 3
100 10 3
21 50 1
30 95 2
98 68 3
35 64 2
94 95 2
34 27 1
15 83 2
50 39 1
10 18 1
97 83 2
32 0 1
31 47 1
58 30 3
64 13 3
95 65 3
63 54 2
45 59 2
23 96 2
13 60 1
72 76 2
55 85 2
42 61 2
43 9 1
45 12 1
77 95 2
46 5 1
36 74 2
4 92 2
12 6 1
95 92 2
7 40 1
20 65 1
56 43 3
85 83 2
53 62 2
37 6 1
51 10 1
89 84 2
79 66 2
85 23 3
81 24 3
71 96 2
58 82 2
82 31 3
89 37 3
57 76 2
53 88 2
70 16 3
93 3 3
7 20 1
61 65 2
28 38 1
41 40 1
3 9 1
69 78 2
99 24 3
25 51 1
34 8 1
10 16 1
69 41 3
39 92 2
97 77 2
1 54 1
48 65 2
73 23 3
83 18 3
95 36 3
97 45 3
93 92 2
82 55 3
47 60 2
83 60 3
42 80 2
8 49 1
42 63 2
10 90 2
40 8 1
24 32 1
39 18 1
52 61 2
44 45 1
96 29 3
95 63 3
8 40 1
8 43 1
81 24 3
78 98 2
8 55 1
9 68 1
46 85 2
32 27 1
40 64 2
61 63 2
96 81 2
96 9 3
6 26 1
97 39 3
13 52 1
6 57 1
35 25 1
36 93 2
58 38 3
56 58 2
98 18 3
31 10 1
39 22 1
86 75 2
10 12 1
21 80 2
77 17 3
39 44 1
43 9 1
45 1 1
34 59 1
28 36 1
34 91 2
93 12 3
75 73 2
81 56 3
39 51 1
17 46 1
4 45 1
66 89 2
49 33 1
8 49 1
68 35 3
76 44 3
55 17 3
