88 68 0
45 14 0
86 7 0
31 54 0
2 73 0
27 87 0
33 64 0
87 21 0
95 88 0
0 71 0
34 21 0
56 69 0
100 45 0
51 5 0
77 70 0
61 49 0
92 87 0
95 78 0
96 0 0
73 40 0
4 48 0
34 52 0
85 3 0
51 89 0
82 40 0
74 7 0
28 71 0
1 29 0
47 24 0
87 78 0
47 99 0
83 83 0
68 44 0
32 83 0
5 76 0
38 58 0
54 78 0
46 24 0
72 14 0
57 80 0
17 57 0
46 1 0
99 32 0
58 86 0
19 55 0
4 87 0
67 40 0
76 24 0
92 14 0
45 66 0
7 59 0
72 76 0
6 14 0
20 92 0
30 70 0
26 34 0
46 20 0
16 40 0
94 5 0
33 37 0
27 24 0
80 51 0
77 6 0
31 38 0
88 21 0
11 19 0
98 16 0
100 45 0
61 12 0
59 1 0
89 34 0
100 10 0
21 50 0
30 95 0
98 68 0
35 64 0
94 95 0
34 27 0
15 83 0
50 39 0
10 18 0
97 83 0
32 0 0
31 47 0
58 30 0
64 13 0
95 65 0
63 54 0
45 59 0
23 96 0
13 60 0
72 76 0
55 85 0
42 61 0
43 9 0
45 12 0
77 95 0
46 5 0
36 74 0
4 92 0
12 6 0
95 92 0
7 40 0
20 65 0
56 43 0
85 83 0
53 62 0
37 6 0
51 10 0
89 84 0
79 66 0
85 23 0
81 24 0
71 96 0
58 82 0
82 31 0
89 37 0
57 76 0
53 88 0
70 16 0
93 3 0
7 20 0
61 65 0
28 38 0
41 40 0
3 9 0
69 78 0
99 24 0
25 51 0
34 8 0
10 16 0
69 41 0
39 92 0
97 77 0
1 54 0
48 65 0
73 23 0
83 18 0
95 36 0
97 45 0
93 92 0
82 55 0
47 60 0
83 60 0
42 80 0
8 49 0
42 63 0
10 90 0
40 8 0
24 32 0
39 18 0
52 61 0
44 45 0
96 29 0
95 63 0
8 40 0
8 43 0
81 24 0
78 98 0
8 55 0
9 68 0
46 85 0
32 27 0
40 64 0
61 63 0
96 81 0
96 9 0
6 26 0
97 39 0
13 52 0
6 57 0
35 25 0
36 93 0
58 38 0
56 58 0
98 18 0
31 10 0
39 22 0
86 75 0
10 12 0
21 80 0
77 17 0
39 44 0
43 9 0
45 1 0
34 59 0
28 36 0
34 91 0
93 12 0
75 73 0
81 56 0
39 51 0
17 46 0
4 45 0
66 89 0
49 33 0
8 49 0
68 35 0
76 44 0
55 17 0
